===== STUN =====
Packet Precision: 0.00
Packet Recall: 0.00
False Positive Packets (0): []
False Negative Packets (0): []
Message Precision: 0.00
Message Recall: 0.00
False Positive Messages (0): []
False Negative Messages (0): []

===== RTP =====
Packet Precision: 0.92
Packet Recall: 1.00
False Positive Packets (2798): [3732, 3733, 3785, 3851, 3924, 3996, 4544, 4755, 4756, 4798, 4828, 4990, 5000, 5001, 5007, 5083, 5097, 5102, 5168, 5180, 5181, 5231, 5236, 5237, 5295, 5297, 5306, 5359, 5364, 5382, 5437, 5441, 5444, 5458, 5522, 5525, 5534, 5548, 5614, 5621, 5622, 5629, 5719, 5730, 5736, 5806, 5814, 5823, 5824, 5899, 5902, 5909, 5910, 5971, 5979, 5986, 5988, 6039, 6050, 6053, 6054, 6122, 6137, 6139, 6144, 6206, 6218, 6219, 6277, 6283, 6285, 6295, 6320, 6327, 6338, 6355, 6376, 6390, 6426, 6458, 6468, 6485, 6503, 6523, 6532, 6565, 6574, 6599, 6608, 6639, 6658, 6675, 6731, 6745, 6768, 6773, 6802, 6825, 6856, 6866, 6904, 6929, 6953, 6966, 7038, 7064, 7066, 7131, 7158, 7170, 7235, 7257, 7260, 7339, 7345, 7391, 7408, 7413, 7432, 7462, 7489, 7506, 7518, 7546, 7599, 7638, 7657, 7702, 7718, 7724, 7740, 7793, 7806, 7817, 7842, 7914, 7930, 7957, 8011, 8021, 8035, 8060, 8106, 8109, 8123, 8153, 8200, 8211, 8227, 8242, 8304, 8307, 8311, 8348, 8378, 8379, 8400, 8433, 8453, 8456, 8477, 8541, 8552, 8577, 8630, 8645, 8698, 8722, 8772, 8839, 8860, 8900, 8904, 8935, 8947, 8950, 8979, 9001, 9027, 9037, 9058, 9077, 9115, 9125, 9148, 9159, 9172, 9193, 9194, 9209, 9245, 9260, 9271, 9272, 9294, 9319, 9348, 9368, 9396, 9401, 9412, 9438, 9471, 9478, 9487, 9516, 9529, 9531, 9546, 9571, 9587, 9593, 9606, 9622, 9635, 9640, 9644, 9652, 9664, 9666, 9671, 9690, 9705, 9706, 9709, 9728, 9729, 9731, 9743, 9756, 9758, 9768, 9780, 9825, 9849, 9858, 9896, 9904, 9941, 9944, 9975, 9997, 9998, 10026, 10038, 10050, 10071, 10076, 10087, 10114, 10115, 10135, 10183, 10191, 10216, 10245, 10248, 10263, 10267, 10270, 10295, 10315, 10321, 10336, 10366, 10368, 10375, 10405, 10409, 10420, 10423, 10451, 10455, 10470, 10526, 10534, 10558, 10573, 10576, 10593, 10611, 10613, 10624, 10632, 10660, 10663, 10680, 10689, 10715, 10731, 10743, 10746, 10789, 10792, 10813, 10828, 10842, 10859, 10885, 10900, 10902, 10934, 10952, 10994, 11012, 11054, 11224, 11231, 11249, 11251, 11272, 11288, 11289, 11307, 11311, 11336, 11341, 11357, 11375, 11377, 11380, 11396, 11398, 11406, 11408, 11451, 11452, 11460, 11465, 11506, 11507, 11514, 11516, 11527, 11531, 11538, 11541, 11579, 11580, 11585, 11595, 11613, 11618, 11665, 11677, 11678, 11689, 11733, 11738, 11739, 11751, 11761, 11767, 11797, 11802, 11813, 11815, 11830, 11836, 11865, 11885, 11893, 11933, 11941, 11970, 11988, 12000, 12012, 12038, 12057, 12067, 12100, 12111, 12119, 12155, 12160, 12203, 12230, 12239, 12250, 12255, 12273, 12280, 12283, 12322, 12346, 12386, 12403, 12416, 12446, 12463, 12471, 12500, 12510, 12556, 12568, 12593, 12608, 12627, 12652, 12653, 12683, 12692, 12727, 12745, 12752, 12764, 12769, 12783, 12784, 12809, 12821, 12846, 12886, 12897, 12942, 12951, 13007, 13016, 13024, 13105, 13118, 13137, 13164, 13203, 13231, 13258, 13290, 13314, 13338, 13357, 13363, 13365, 13372, 13411, 13422, 13450, 13454, 13493, 13503, 13512, 13563, 13576, 13599, 13643, 13654, 13658, 13674, 13712, 13728, 13729, 13748, 13779, 13800, 13810, 13812, 13871, 13879, 13906, 13929, 13952, 13958, 13984, 14015, 14024, 14051, 14070, 14105, 14113, 14147, 14149, 14163, 14168, 14192, 14206, 14209, 14213, 14238, 14257, 14263, 14276, 14293, 14303, 14306, 14309, 14323, 14334, 14337, 14342, 14368, 14387, 14396, 14401, 14424, 14451, 14453, 14460, 14482, 14496, 14501, 14505, 14538, 14550, 14551, 14552, 14603, 14612, 14615, 14619, 14660, 14672, 14692, 14723, 14735, 14739, 14764, 14797, 14805, 14834, 14858, 14865, 14892, 14908, 14910, 14925, 14939, 14940, 14949, 14974, 14991, 14992, 14999, 15020, 15026, 15028, 15034, 15049, 15050, 15053, 15059, 15082, 15089, 15094, 15129, 15137, 15148, 15176, 15188, 15194, 15227, 15249, 15266, 15267, 15275, 15276, 15284, 15288, 15298, 15302, 15304, 15335, 15336, 15345, 15346, 15354, 15356, 15363, 15376, 15379, 15385, 15403, 15404, 15407, 15427, 15432, 15451, 15464, 15469, 15507, 15526, 15530, 15549, 15562, 15576, 15591, 15596, 15621, 15627, 15641, 15654, 15655, 15672, 15679, 15682, 15707, 15721, 15739, 15767, 15785, 15786, 15812, 15823, 15824, 15826, 15836, 15865, 15877, 15898, 15924, 15929, 15939, 15968, 15973, 15990, 16014, 16030, 16057, 16073, 16096, 16109, 16138, 16148, 16150, 16199, 16203, 16236, 16251, 16254, 16297, 16300, 16328, 16350, 16351, 16393, 16394, 16424, 16432, 16433, 16437, 16465, 16468, 16469, 16637, 16660, 16661, 16679, 16701, 16718, 16724, 16735, 16737, 16763, 16764, 16772, 16805, 16808, 16819, 16857, 16860, 16868, 16909, 16912, 16925, 16956, 16969, 17004, 17021, 17027, 17029, 17073, 17080, 17087, 17129, 17130, 17172, 17192, 17197, 17200, 17248, 17253, 17291, 17303, 17315, 17376, 17386, 17391, 17435, 17448, 17451, 17490, 17505, 17531, 17536, 17561, 17575, 17582, 17594, 17601, 17620, 17623, 17643, 17665, 17666, 17678, 17694, 17714, 17726, 17739, 17771, 17774, 17794, 17835, 17841, 17865, 17901, 17905, 17911, 17939, 17980, 17993, 18001, 18043, 18056, 18060, 18078, 18085, 18086, 18089, 18125, 18126, 18130, 18151, 18159, 18166, 18178, 18198, 18207, 18210, 18236, 18247, 18279, 18306, 18335, 18354, 18382, 18406, 18431, 18445, 18476, 18485, 18486, 18493, 18514, 18530, 18531, 18543, 18594, 18599, 18604, 18627, 18645, 18646, 18678, 18705, 18708, 18738, 18761, 18762, 18788, 18804, 18809, 18838, 18856, 18887, 18905, 18931, 18954, 18986, 18988, 19019, 19054, 19083, 19122, 19136, 19158, 19174, 19195, 19249, 19264, 19294, 19310, 19331, 19358, 19374, 19376, 19385, 19395, 19410, 19415, 19425, 19451, 19456, 19474, 19499, 19512, 19547, 19551, 19557, 19588, 19589, 19592, 19602, 19651, 19654, 19662, 19713, 19715, 19722, 19726, 19755, 19760, 19765, 19811, 19822, 19823, 19865, 19873, 19912, 19914, 19919, 19921, 19957, 19963, 19968, 19996, 20011, 20018, 20045, 20047, 20053, 20057, 20075, 20081, 20083, 20091, 20115, 20126, 20138, 20166, 20175, 20184, 20217, 20248, 20296, 20320, 20347, 20384, 20416, 20436, 20443, 20447, 20468, 20493, 20501, 20529, 20557, 20588, 20609, 20635, 20655, 20657, 20681, 20705, 20707, 20725, 20759, 20783, 20807, 20808, 20837, 20858, 20862, 20871, 20889, 20920, 20938, 20950, 20999, 21015, 21017, 21046, 21055, 21072, 21074, 21109, 21111, 21135, 21139, 21158, 21193, 21210, 21234, 21257, 21277, 21296, 21305, 21328, 21359, 21362, 21363, 21396, 21415, 21422, 21428, 21453, 21474, 21475, 21476, 21507, 21528, 21530, 21531, 21554, 21569, 21571, 21572, 21605, 21618, 21619, 21621, 21648, 21673, 21676, 21680, 21703, 21723, 21732, 21762, 21795, 21808, 21835, 21869, 21898, 21914, 21940, 21959, 21967, 21982, 21992, 22015, 22033, 22051, 22073, 22089, 22102, 22115, 22134, 22158, 22178, 22194, 22241, 22242, 22257, 22282, 22287, 22308, 22339, 22340, 22369, 22393, 22420, 22448, 22449, 22494, 22514, 22515, 22701, 22702, 22708, 22712, 22737, 22745, 22747, 22782, 22783, 22784, 22816, 22832, 22835, 22844, 22863, 22872, 22888, 22925, 22945, 22971, 22977, 23012, 23030, 23051, 23069, 23101, 23143, 23173, 23191, 23222, 23243, 23263, 23292, 23319, 23344, 23373, 23393, 23396, 23422, 23443, 23449, 23465, 23484, 23507, 23533, 23541, 23554, 23587, 23624, 23654, 23670, 23693, 23711, 23725, 23739, 23770, 23790, 23811, 23820, 23845, 23882, 23927, 23941, 23967, 24002, 24049, 24083, 24098, 24127, 24154, 24170, 24205, 24238, 24262, 24291, 24319, 24334, 24363, 24385, 24403, 24436, 24468, 24485, 24508, 24510, 24536, 24543, 24568, 24572, 24593, 24598, 24619, 24634, 24645, 24651, 24684, 24698, 24708, 24716, 24756, 24772, 24793, 24799, 24851, 24854, 24858, 24865, 24916, 24928, 24972, 24983, 24988, 25024, 25039, 25043, 25076, 25088, 25091, 25144, 25151, 25154, 25207, 25212, 25217, 25226, 25280, 25286, 25294, 25345, 25355, 25418, 25433, 25437, 25494, 25501, 25506, 25566, 25578, 25585, 25604, 25652, 25654, 25659, 25709, 25711, 25720, 25766, 25770, 25780, 25839, 25846, 25853, 25909, 25915, 25924, 25977, 25979, 25993, 26048, 26067, 26116, 26122, 26140, 26160, 26162, 26185, 26189, 26255, 26279, 26305, 26308, 26362, 26365, 26390, 26393, 26448, 26449, 26464, 26476, 26545, 26550, 26562, 26569, 26611, 26613, 26617, 26632, 26675, 26685, 26689, 26700, 26756, 26765, 26784, 26788, 26828, 26842, 26852, 26857, 26925, 26926, 26942, 26998, 27011, 27086, 27087, 27097, 27176, 27177, 27187, 27196, 27257, 27258, 27283, 27335, 27336, 27372, 27430, 27442, 27481, 27525, 27569, 27598, 27657, 27681, 27725, 27754, 27775, 27828, 27829, 27837, 27908, 27910, 27991, 27996, 28055, 28064, 28124, 28141, 28169, 28215, 28239, 28313, 28337, 28341, 28404, 28416, 28498, 28513, 28584, 28590, 28619, 28661, 28669, 28706, 28737, 28746, 28778, 28808, 28841, 28856, 28871, 28909, 28957, 28972, 29011, 29042, 29063, 29106, 29136, 29152, 29155, 29196, 29232, 29247, 29290, 29333, 29336, 29375, 29418, 29419, 29469, 29514, 29519, 29577, 29600, 29608, 29676, 29690, 29708, 29768, 29777, 29788, 29791, 29857, 29887, 29962, 29975, 30052, 30056, 30134, 30145, 30150, 30154, 30210, 30232, 30308, 30322, 30329, 30416, 30448, 30450, 30554, 30572, 30659, 30686, 30753, 30780, 30783, 30847, 30873, 30936, 30970, 30974, 31019, 31048, 31093, 31125, 31131, 31172, 31215, 31384, 31400, 31420, 31431, 31472, 31482, 31520, 31563, 31572, 31664, 31690, 31712, 31767, 31787, 31852, 31884, 31894, 31951, 31978, 32035, 32062, 32068, 32085, 32126, 32162, 32210, 32243, 32294, 32338, 32343, 32390, 32416, 32420, 32477, 32499, 32509, 32516, 32560, 32587, 32607, 32647, 32690, 32695, 32755, 32777, 32791, 32808, 32858, 32897, 32907, 32960, 33027, 33076, 33123, 33139, 33163, 33227, 33255, 33281, 33329, 33352, 33397, 33425, 33457, 33503, 33527, 33558, 33587, 33617, 33648, 33660, 33680, 33712, 33744, 33802, 33828, 33844, 33892, 33930, 33948, 33991, 34029, 34068, 34103, 34124, 34195, 34232, 34267, 34296, 34327, 34397, 34417, 34432, 34477, 34491, 34500, 34508, 34560, 34565, 34573, 34584, 34652, 34657, 34680, 34732, 34736, 34802, 34806, 34871, 34888, 34890, 34961, 34979, 35055, 35083, 35160, 35172, 35263, 35270, 35361, 35374, 35440, 35455, 35524, 35560, 35617, 35651, 35709, 35772, 35897, 35900, 35996, 36002, 36082, 36104, 36188, 36214, 36304, 36328, 36344, 36397, 36423, 36504, 36534, 36600, 36638, 36705, 36749, 36767, 36812, 36850, 36863, 36911, 36942, 36982, 37003, 37025, 37075, 37105, 37146, 37175, 37192, 37276, 37295, 37368, 37393, 37485, 37501, 37609, 37610, 37708, 37718, 37737, 37807, 37822, 37861, 37906, 37925, 38010, 38024, 38097, 38190, 38225, 38247, 38283, 38320, 38394, 38432, 38492, 38531, 38593, 38643, 38698, 38751, 38783, 38805, 38843, 38957, 38999, 39025, 39068, 39117, 39157, 39215, 39279, 39314, 39376, 39395, 39420, 39485, 39503, 39539, 39599, 39613, 39644, 39717, 39753, 39816, 39857, 39937, 39966, 40047, 40061, 40077, 40162, 40186, 40199, 40311, 40322, 40428, 40439, 40537, 40551, 40634, 40674, 40727, 40800, 40824, 40894, 40916, 41015, 41016, 41129, 41130, 41247, 41256, 41367, 41375, 41475, 41476, 41585, 41597, 41695, 41704, 41808, 41818, 41918, 41920, 42032, 42039, 42158, 42183, 42270, 42296, 42318, 42371, 42419, 42471, 42545, 42592, 42665, 42710, 42789, 42811, 42996, 43002, 43022, 43058, 43061, 43067, 43097, 43102, 43112, 43138, 43140, 43146, 43173, 43177, 43179, 43202, 43211, 43218, 43224, 43238, 43240, 43262, 43281, 43320, 43337, 43356, 43372, 43384, 43449, 43453, 43459, 43474, 43495, 43499, 43537, 43552, 43609, 43640, 43658, 43680, 43696, 43701, 43719, 43726, 43742, 43762, 43777, 43778, 43808, 43817, 43818, 43823, 43851, 43854, 43861, 43884, 43893, 43897, 43948, 43950, 43985, 43993, 44036, 44040, 44047, 44055, 44099, 44100, 44113, 44122, 44167, 44173, 44230, 44246, 44256, 44277, 44293, 44331, 44338, 44348, 44349, 44371, 44400, 44430, 44453, 44477, 44509, 44512, 44541, 44560, 44572, 44576, 44605, 44631, 44638, 44657, 44676, 44684, 44712, 44746, 44759, 44806, 44812, 44840, 44851, 44860, 44866, 44925, 44928, 44966, 44971, 44994, 45011, 45015, 45041, 45055, 45064, 45111, 45123, 45131, 45192, 45232, 45233, 45244, 45268, 45270, 45289, 45320, 45336, 45383, 45399, 45449, 45460, 45497, 45502, 45511, 45571, 45581, 45601, 45615, 45623, 45673, 45684, 45721, 45734, 45737, 45754, 45771, 45778, 45823, 45835, 45842, 45853, 45868, 45876, 45933, 45947, 45951, 45975, 46001, 46006, 46026, 46062, 46064, 46074, 46099, 46103, 46107, 46149, 46155, 46157, 46159, 46188, 46193, 46194, 46221, 46223, 46226, 46227, 46256, 46260, 46261, 46300, 46302, 46304, 46334, 46338, 46340, 46345, 46382, 46384, 46385, 46387, 46421, 46425, 46428, 46429, 46475, 46477, 46481, 46546, 46547, 46559, 46582, 46599, 46600, 46606, 46630, 46642, 46657, 46683, 46691, 46696, 46715, 46730, 46733, 46739, 46749, 46767, 46771, 46776, 46787, 46798, 46807, 46814, 46828, 46841, 46853, 46871, 46888, 46892, 46903, 46924, 46946, 46982, 46987, 47001, 47029, 47030, 47035, 47041, 47072, 47079, 47093, 47136, 47153, 47172, 47203, 47209, 47212, 47225, 47250, 47261, 47269, 47279, 47309, 47338, 47345, 47366, 47391, 47392, 47408, 47432, 47435, 47461, 47489, 47491, 47499, 47513, 47544, 47552, 47560, 47599, 47610, 47621, 47646, 47659, 47681, 47696, 47709, 47719, 47731, 47748, 47753, 47763, 47775, 47795, 47819, 47833, 47837, 47871, 47892, 47942, 47953, 47992, 48005, 48046, 48055, 48079, 48098, 48104, 48112, 48143, 48148, 48155, 48182, 48191, 48196, 48207, 48226, 48236, 48240, 48283, 48297, 48303, 48373, 48374, 48444, 48446, 48500, 48507, 48529, 48545, 48568, 48588, 48601, 48614, 48628, 48637, 48649, 48668, 48697, 48715, 48752, 48763, 48936, 48950, 48993, 49004, 49037, 49058, 49085, 49094, 49105, 49124, 49141, 49175, 49201, 49223, 49233, 49244, 49273, 49294, 49315, 49337, 49352, 49359, 49379, 49406, 49432, 49445, 49468, 49487, 49512, 49526, 49546, 49552, 49559, 49575, 49595, 49625, 49637, 49647, 49658, 49675, 49699, 49708, 49726, 49749, 49785, 49808, 49831, 49858, 49889, 49909, 49920, 49941, 49945, 49963, 49979, 49989, 49999, 50014, 50036, 50053, 50088, 50093, 50132, 50136, 50154, 50162, 50204, 50207, 50209, 50216, 50273, 50275, 50280, 50323, 50325, 50329, 50362, 50363, 50364, 50428, 50430, 50440, 50467, 50469, 50481, 50515, 50529, 50562, 50568, 50572, 50614, 50618, 50622, 50623, 50659, 50661, 50666, 50672, 50703, 50712, 50718, 50763, 50774, 50777, 50824, 50836, 50855, 50874, 50907, 50936, 50960, 50981, 50995, 50999, 51038, 51047, 51096, 51100, 51145, 51151, 51169, 51189, 51190, 51192, 51206, 51232, 51233, 51255, 51295, 51300, 51315, 51336, 51344, 51367, 51391, 51407, 51429, 51443, 51463, 51490, 51500, 51528, 51534, 51557, 51600, 51605, 51623, 51665, 51667, 51693, 51720, 51726, 51732, 51741, 51769, 51788, 51799, 51821, 51851, 51867, 51879, 51890, 51901, 51913, 51927, 51941, 51959, 51961, 51974, 52012, 52027, 52039, 52064, 52080, 52111, 52125, 52178, 52183, 52190, 52237, 52239, 52253, 52284, 52300, 52322, 52343, 52355, 52364, 52401, 52411, 52418, 52425, 52443, 52455, 52467, 52495, 52508, 52521, 52561, 52570, 52586, 52592, 52620, 52621, 52631, 52638, 52666, 52679, 52683, 52717, 52723, 52757, 52764, 52771, 52799, 52807, 52809, 52814, 52849, 52876, 52879, 52889, 52930, 52956, 52991, 52999, 53005, 53040, 53052, 53055, 53056, 53088, 53101, 53115, 53119, 53127, 53147, 53159, 53202, 53204, 53230, 53267, 53317, 53335, 53350, 53408, 53435, 53485, 53502, 53530, 53551, 53556, 53586, 53602, 53634, 53652, 53671, 53678, 53697, 53735, 53751, 53770, 53803, 53806, 53811, 53846, 53850, 53852, 53854, 53880, 53883, 53886, 53919, 53920, 53925, 53938, 53958, 53959, 53967, 53973, 53991, 54019, 54028, 54041, 54042, 54079, 54088, 54097, 54128, 54138, 54152, 54201, 54202, 54211, 54243, 54249, 54250, 54292, 54293, 54294, 54301, 54331, 54349, 54365, 54366, 54395, 54403, 54407, 54418, 54430, 54441, 54470, 54476, 54485, 54509, 54515, 54535, 54661, 54708, 54717, 54729, 54751, 54779, 54783, 54791, 54824, 54831, 54832, 54864, 54867, 54868, 54915, 54916, 54933, 54969, 54970, 55023, 55024, 55038, 55086, 55092, 55099, 55137, 55146, 55177, 55178, 55185, 55228, 55235, 55242, 55244, 55273, 55284, 55293, 55313, 55336, 55352, 55373, 55374, 55394, 55432, 55436, 55457, 55481, 55484, 55500, 55533, 55541, 55543, 55581, 55583, 55584, 55611, 55614, 55615, 55646, 55649, 55650, 55672, 55690, 55696, 55702, 55731, 55751, 55759, 55770, 55806, 55812, 55825, 55851, 55856, 55873, 55916, 55931, 55948, 55979, 55996, 56012, 56014, 56018, 56031, 56062, 56064, 56068, 56083, 56110, 56120, 56125, 56150, 56165, 56168, 56196, 56207, 56208, 56231, 56235, 56247, 56249, 56265, 56267, 56283, 56287, 56302, 56304, 56331, 56356, 56360, 56369, 56394, 56411, 56412, 56422, 56436, 56442, 56443, 56459, 56482, 56498, 56513, 56524, 56547, 56569, 56571, 56576, 56587, 56603, 56610, 56629, 56652, 56653, 56656, 56663, 56688, 56696, 56702, 56727, 56728, 56745, 56761, 56767, 56768, 56782, 56792, 56797, 56802, 56822, 56832, 56847, 56864, 56879, 56900, 56914, 56919, 56922, 56930, 56953, 56957, 56960, 56986, 56998, 57007, 57019, 57030, 57036, 57046, 57062, 57072, 57082, 57109, 57114, 57120, 57122, 57160, 57167, 57180, 57186, 57217, 57224, 57225, 57230, 57262, 57265, 57267, 57271, 57303, 57306, 57310, 57342, 57343, 57358, 57379, 57380, 57400, 57407, 57427, 57435, 57453, 57470, 57483, 57492, 57514, 57529, 57543, 57549, 57565, 57589, 57608, 57623, 57648, 57656, 57663, 57689, 57691, 57698, 57731, 57732, 57737, 57764, 57771, 57774, 57795, 57816, 57817, 57847, 57886, 57891, 57914, 57939, 57941, 57947, 57952, 57981, 57984, 58002, 58052, 58053, 58058, 58090, 58096, 58099, 58120, 58128, 58133, 58174, 58183, 58192, 58215, 58217, 58218, 58228, 58247, 58253, 58259, 58283, 58286, 58294, 58319, 58322, 58330, 58353, 58356, 58367, 58395, 58397, 58400, 58408, 58447, 58452, 58465, 58474, 58493, 58508, 58534, 58554, 58561, 58570, 58591, 58595, 58610, 58633, 58639, 58647, 58658, 58695, 58697, 58706, 58737, 58738, 58741, 58777, 58782, 58784, 58827, 58828, 58831, 58856, 58857, 58859, 58863, 58898, 58899, 58904, 58946, 58948, 58951, 58983, 58987, 58991, 58992, 59030, 59040, 59055, 59059, 59080, 59085, 59092, 59099, 59118, 59125, 59128, 59137, 59151, 59169, 59174, 59184, 59208, 59227, 59232, 59268, 59270, 59273, 59303, 59305, 59341, 59346, 59349, 59379, 59395, 59400, 59417, 59436, 59460, 59485, 59488, 59503, 59529, 59531, 59549, 59570, 59577, 59579, 59588, 59619, 59773, 59778, 59780, 59809, 59810, 59813, 59814, 59838, 59839, 59843, 59851, 59880, 59886, 59892, 59920, 59924, 59929, 59947, 59953, 59964, 59990, 59999, 60027, 60051, 60052, 60067, 60079, 60102, 60105, 60113, 60126, 60131, 60155, 60178, 60180, 60221, 60223, 60224, 60252, 60253, 60254, 60257, 60306, 60309, 60319, 60363, 60373, 60375, 60405, 60414, 60416, 60430, 60465, 60483, 60516, 60529, 60540, 60556, 60567, 60577, 60583, 60599, 60626, 60639, 60650, 60688, 60701, 60708, 60736, 60739, 60740, 60788, 60803, 60809, 60838, 60847, 60853, 60886, 60895, 60901, 60928, 60940, 60941, 60946, 60965, 60979, 60985, 61015, 61029, 61035, 61054, 61067, 61070, 61083, 61104, 61107, 61132, 61139, 61149, 61164, 61173, 61181, 61191, 61199, 61212, 61225, 61245, 61246, 61288, 61293, 61295, 61345, 61347, 61351, 61377, 61382, 61410, 61428, 61431, 61444, 61459, 61468, 61477, 61499, 61514, 61519, 61528, 61541, 61565, 61574, 61582, 61600, 61605, 61612, 61615, 61637, 61647, 61654, 61685, 61693, 61697, 61704, 61737, 61738, 61742, 61776, 61779, 61782, 61820, 61829, 61874, 61888, 61891, 61922, 61936, 61948, 61968, 61975, 61985, 61992, 62042, 62055, 62060, 62073, 62086, 62125, 62129, 62146, 62185, 62213, 62256, 62260, 62273, 62353, 62363, 62375, 62446, 62450, 62466, 62528, 62533, 62548, 62609, 62618, 62640, 62679, 62691, 62699, 62709, 62753, 62766, 62772, 62792, 62823, 62836, 62849, 62864, 62907, 62921, 62935, 62971, 62996, 63000, 63052, 63071, 63073, 63114, 63137, 63139]
False Negative Packets (5): [11759, 11776, 15624, 15635, 17302]
Message Precision: 0.92
Message Recall: 1.00
False Positive Messages (2937): [3732, 3733, 3785, 3851, 3924, 3996, 4544, 4755, 4756, 4798, 4828, 4990, 5000, 5001, 5007, 5083, 5097, 5102, 5168, 5180, 5181, 5231, 5236, 5237, 5295, 5297, 5306, 5359, 5364, 5382, 5437, 5441, 5444, 5458, 5522, 5525, 5534, 5548, 5614, 5621, 5622, 5629, 5719, 5730, 5736, 5806, 5814, 5823, 5824, 5899, 5902, 5909, 5910, 5971, 5979, 5986, 5988, 6039, 6050, 6053, 6054, 6122, 6137, 6139, 6144, 6206, 6218, 6219, 6277, 6283, 6285, 6295, 6320, 6327, 6338, 6355, 6376, 6390, 6426, 6458, 6468, 6485, 6503, 6523, 6532, 6565, 6574, 6599, 6608, 6639, 6658, 6675, 6731, 6745, 6768, 6773, 6802, 6825, 6856, 6866, 6904, 6929, 6953, 6966, 7038, 7064, 7066, 7131, 7158, 7170, 7235, 7257, 7260, 7339, 7345, 7391, 7408, 7413, 7432, 7462, 7489, 7506, 7518, 7546, 7599, 7638, 7657, 7702, 7718, 7724, 7740, 7793, 7806, 7817, 7842, 7914, 7930, 7957, 8011, 8021, 8035, 8060, 8106, 8109, 8123, 8153, 8200, 8211, 8227, 8242, 8304, 8307, 8311, 8348, 8378, 8379, 8400, 8433, 8453, 8456, 8477, 8541, 8552, 8577, 8630, 8645, 8698, 8722, 8767, 8772, 8793, 8806, 8823, 8839, 8860, 8900, 8904, 8935, 8947, 8950, 8979, 9001, 9022, 9027, 9037, 9058, 9077, 9115, 9125, 9148, 9153, 9159, 9172, 9174, 9193, 9194, 9194, 9195, 9209, 9210, 9230, 9238, 9245, 9260, 9271, 9272, 9294, 9319, 9348, 9368, 9396, 9401, 9412, 9438, 9471, 9478, 9487, 9516, 9529, 9531, 9546, 9571, 9587, 9587, 9593, 9606, 9622, 9635, 9640, 9644, 9652, 9664, 9666, 9671, 9690, 9705, 9706, 9709, 9728, 9729, 9731, 9743, 9756, 9758, 9768, 9780, 9825, 9849, 9858, 9896, 9904, 9941, 9944, 9975, 9997, 9997, 9998, 10018, 10022, 10026, 10038, 10050, 10071, 10076, 10087, 10109, 10114, 10115, 10135, 10183, 10191, 10216, 10245, 10248, 10263, 10267, 10270, 10295, 10315, 10321, 10336, 10366, 10368, 10375, 10405, 10409, 10420, 10420, 10423, 10451, 10455, 10470, 10526, 10534, 10558, 10573, 10576, 10593, 10611, 10613, 10624, 10632, 10660, 10663, 10680, 10689, 10715, 10731, 10743, 10746, 10789, 10792, 10813, 10828, 10842, 10859, 10885, 10900, 10902, 10934, 10952, 10967, 10968, 10994, 11012, 11054, 11224, 11231, 11249, 11251, 11272, 11288, 11288, 11289, 11307, 11311, 11336, 11341, 11357, 11375, 11377, 11379, 11380, 11396, 11398, 11406, 11408, 11419, 11420, 11451, 11452, 11460, 11465, 11506, 11507, 11514, 11516, 11527, 11527, 11528, 11531, 11538, 11541, 11579, 11580, 11585, 11595, 11613, 11618, 11665, 11677, 11677, 11678, 11689, 11733, 11738, 11739, 11751, 11761, 11767, 11797, 11802, 11813, 11815, 11830, 11836, 11865, 11885, 11893, 11933, 11941, 11970, 11988, 12000, 12012, 12038, 12057, 12067, 12100, 12111, 12119, 12131, 12155, 12160, 12168, 12203, 12230, 12239, 12239, 12250, 12255, 12273, 12280, 12283, 12322, 12346, 12386, 12403, 12416, 12446, 12463, 12471, 12500, 12510, 12511, 12512, 12556, 12568, 12593, 12608, 12627, 12652, 12653, 12683, 12692, 12727, 12745, 12752, 12761, 12764, 12769, 12783, 12784, 12809, 12821, 12846, 12886, 12897, 12942, 12951, 13007, 13016, 13024, 13105, 13118, 13137, 13164, 13203, 13231, 13258, 13290, 13314, 13338, 13357, 13363, 13365, 13372, 13411, 13422, 13450, 13454, 13493, 13503, 13512, 13563, 13576, 13599, 13643, 13654, 13658, 13674, 13712, 13728, 13729, 13748, 13779, 13800, 13810, 13812, 13871, 13879, 13906, 13929, 13952, 13958, 13984, 14015, 14024, 14051, 14070, 14105, 14113, 14147, 14149, 14163, 14168, 14192, 14206, 14209, 14213, 14238, 14257, 14263, 14276, 14293, 14303, 14306, 14309, 14323, 14334, 14337, 14342, 14368, 14387, 14396, 14401, 14424, 14451, 14453, 14460, 14482, 14496, 14501, 14505, 14538, 14550, 14551, 14552, 14603, 14612, 14615, 14619, 14660, 14672, 14692, 14723, 14735, 14739, 14764, 14797, 14805, 14834, 14858, 14865, 14892, 14908, 14910, 14925, 14939, 14940, 14949, 14974, 14991, 14992, 14999, 15020, 15026, 15028, 15034, 15040, 15049, 15050, 15053, 15059, 15082, 15089, 15094, 15129, 15137, 15148, 15176, 15188, 15194, 15227, 15249, 15265, 15266, 15267, 15275, 15276, 15284, 15288, 15298, 15302, 15304, 15335, 15336, 15336, 15345, 15346, 15354, 15356, 15363, 15376, 15379, 15385, 15400, 15403, 15404, 15407, 15425, 15427, 15432, 15451, 15464, 15469, 15507, 15526, 15530, 15549, 15562, 15576, 15591, 15596, 15621, 15627, 15641, 15654, 15655, 15672, 15679, 15682, 15707, 15721, 15739, 15767, 15785, 15786, 15812, 15823, 15824, 15826, 15836, 15865, 15877, 15898, 15924, 15929, 15939, 15949, 15968, 15973, 15990, 16014, 16030, 16057, 16073, 16096, 16109, 16138, 16148, 16150, 16199, 16203, 16236, 16251, 16254, 16296, 16297, 16300, 16328, 16350, 16351, 16393, 16394, 16424, 16432, 16433, 16437, 16465, 16468, 16469, 16637, 16660, 16661, 16679, 16701, 16718, 16724, 16735, 16737, 16763, 16764, 16772, 16805, 16808, 16819, 16857, 16860, 16868, 16909, 16912, 16925, 16956, 16969, 17004, 17021, 17027, 17029, 17073, 17080, 17087, 17122, 17129, 17130, 17172, 17192, 17197, 17200, 17248, 17253, 17291, 17303, 17315, 17376, 17386, 17391, 17435, 17448, 17451, 17490, 17505, 17531, 17536, 17561, 17575, 17582, 17594, 17601, 17620, 17623, 17643, 17665, 17666, 17678, 17694, 17714, 17726, 17739, 17771, 17774, 17794, 17835, 17841, 17865, 17901, 17905, 17911, 17939, 17980, 17993, 18001, 18043, 18056, 18060, 18078, 18085, 18086, 18089, 18116, 18125, 18126, 18130, 18151, 18159, 18166, 18178, 18178, 18198, 18207, 18210, 18236, 18247, 18279, 18306, 18326, 18335, 18354, 18382, 18406, 18431, 18445, 18476, 18478, 18485, 18486, 18493, 18514, 18530, 18531, 18543, 18584, 18594, 18599, 18604, 18627, 18645, 18646, 18678, 18705, 18708, 18738, 18753, 18761, 18762, 18788, 18804, 18809, 18838, 18856, 18867, 18887, 18905, 18931, 18954, 18986, 18988, 19019, 19054, 19083, 19122, 19136, 19158, 19174, 19195, 19249, 19264, 19294, 19310, 19331, 19358, 19374, 19376, 19385, 19395, 19405, 19410, 19415, 19425, 19451, 19456, 19474, 19499, 19512, 19547, 19551, 19555, 19557, 19588, 19589, 19592, 19602, 19651, 19654, 19662, 19713, 19715, 19722, 19726, 19755, 19760, 19765, 19789, 19811, 19817, 19822, 19823, 19865, 19873, 19912, 19914, 19919, 19921, 19957, 19963, 19968, 19996, 20004, 20011, 20018, 20045, 20047, 20053, 20057, 20075, 20081, 20083, 20091, 20115, 20126, 20138, 20166, 20175, 20184, 20217, 20248, 20296, 20320, 20347, 20384, 20416, 20436, 20443, 20447, 20468, 20493, 20501, 20529, 20557, 20588, 20609, 20623, 20635, 20655, 20657, 20681, 20705, 20707, 20725, 20759, 20783, 20807, 20808, 20837, 20858, 20862, 20871, 20889, 20920, 20938, 20950, 20999, 21015, 21017, 21046, 21055, 21072, 21074, 21109, 21111, 21135, 21139, 21158, 21193, 21210, 21234, 21257, 21277, 21296, 21305, 21328, 21359, 21362, 21363, 21366, 21379, 21396, 21415, 21422, 21428, 21453, 21474, 21475, 21476, 21507, 21528, 21530, 21530, 21531, 21554, 21569, 21571, 21572, 21605, 21618, 21619, 21621, 21648, 21673, 21676, 21680, 21703, 21723, 21732, 21762, 21795, 21808, 21835, 21869, 21898, 21914, 21940, 21959, 21967, 21982, 21992, 22015, 22033, 22051, 22073, 22089, 22102, 22115, 22134, 22158, 22178, 22194, 22241, 22242, 22257, 22269, 22282, 22287, 22308, 22339, 22340, 22369, 22393, 22420, 22448, 22449, 22494, 22514, 22515, 22701, 22702, 22708, 22712, 22737, 22745, 22747, 22782, 22783, 22784, 22816, 22832, 22835, 22844, 22863, 22872, 22888, 22894, 22925, 22945, 22971, 22977, 23012, 23030, 23051, 23069, 23101, 23143, 23173, 23191, 23222, 23243, 23263, 23292, 23319, 23344, 23373, 23393, 23396, 23422, 23443, 23449, 23465, 23484, 23507, 23533, 23541, 23554, 23587, 23624, 23654, 23670, 23693, 23711, 23725, 23739, 23770, 23790, 23811, 23820, 23845, 23882, 23927, 23941, 23967, 24002, 24049, 24083, 24098, 24127, 24154, 24170, 24205, 24238, 24262, 24291, 24319, 24334, 24363, 24385, 24403, 24436, 24468, 24485, 24508, 24510, 24536, 24543, 24568, 24572, 24593, 24598, 24619, 24634, 24645, 24651, 24684, 24698, 24708, 24716, 24756, 24756, 24772, 24793, 24799, 24851, 24854, 24858, 24865, 24916, 24928, 24955, 24972, 24983, 24988, 25024, 25039, 25040, 25043, 25063, 25076, 25088, 25091, 25144, 25151, 25154, 25192, 25207, 25212, 25217, 25226, 25280, 25286, 25294, 25345, 25355, 25418, 25433, 25437, 25494, 25501, 25506, 25566, 25578, 25585, 25604, 25652, 25654, 25659, 25709, 25711, 25720, 25723, 25766, 25770, 25780, 25830, 25839, 25846, 25853, 25909, 25915, 25924, 25977, 25979, 25993, 26048, 26067, 26116, 26122, 26140, 26160, 26162, 26185, 26189, 26255, 26279, 26305, 26308, 26362, 26365, 26390, 26393, 26448, 26449, 26464, 26476, 26545, 26550, 26562, 26569, 26611, 26613, 26617, 26632, 26675, 26685, 26689, 26700, 26756, 26765, 26784, 26788, 26828, 26842, 26852, 26857, 26925, 26926, 26942, 26998, 27011, 27086, 27087, 27097, 27176, 27177, 27187, 27196, 27257, 27258, 27283, 27335, 27336, 27372, 27430, 27442, 27481, 27525, 27569, 27598, 27657, 27681, 27725, 27754, 27775, 27828, 27829, 27837, 27908, 27910, 27991, 27996, 28055, 28064, 28124, 28141, 28169, 28215, 28239, 28313, 28337, 28341, 28354, 28404, 28416, 28498, 28513, 28584, 28590, 28619, 28661, 28669, 28706, 28737, 28746, 28778, 28808, 28841, 28856, 28871, 28909, 28957, 28972, 28996, 29011, 29042, 29063, 29106, 29136, 29152, 29155, 29196, 29232, 29247, 29290, 29333, 29336, 29375, 29418, 29419, 29469, 29514, 29519, 29577, 29600, 29608, 29642, 29676, 29690, 29708, 29768, 29777, 29788, 29791, 29857, 29887, 29962, 29975, 30052, 30056, 30134, 30145, 30150, 30154, 30210, 30232, 30308, 30322, 30329, 30416, 30448, 30450, 30554, 30572, 30659, 30686, 30753, 30780, 30783, 30847, 30873, 30936, 30970, 30974, 31019, 31030, 31048, 31093, 31125, 31131, 31172, 31215, 31384, 31400, 31420, 31431, 31472, 31482, 31520, 31563, 31572, 31664, 31690, 31712, 31767, 31787, 31852, 31884, 31894, 31951, 31978, 32035, 32062, 32068, 32085, 32126, 32162, 32210, 32243, 32294, 32338, 32343, 32390, 32416, 32420, 32477, 32499, 32509, 32516, 32560, 32587, 32607, 32647, 32690, 32695, 32755, 32777, 32791, 32808, 32858, 32897, 32907, 32960, 33027, 33076, 33123, 33139, 33163, 33227, 33255, 33281, 33329, 33352, 33397, 33425, 33457, 33503, 33527, 33558, 33587, 33617, 33648, 33660, 33680, 33707, 33712, 33744, 33802, 33828, 33844, 33892, 33930, 33948, 33991, 34029, 34068, 34103, 34124, 34195, 34232, 34267, 34296, 34327, 34397, 34417, 34432, 34477, 34491, 34500, 34508, 34560, 34565, 34573, 34584, 34652, 34657, 34680, 34732, 34736, 34802, 34806, 34871, 34888, 34890, 34961, 34979, 35055, 35083, 35160, 35172, 35263, 35270, 35361, 35374, 35440, 35455, 35524, 35560, 35617, 35651, 35709, 35772, 35897, 35900, 35996, 36002, 36082, 36104, 36188, 36189, 36214, 36304, 36328, 36344, 36397, 36423, 36504, 36519, 36534, 36600, 36638, 36705, 36749, 36767, 36812, 36850, 36863, 36911, 36942, 36982, 37003, 37025, 37075, 37105, 37146, 37175, 37192, 37276, 37295, 37368, 37393, 37421, 37485, 37501, 37609, 37610, 37658, 37708, 37718, 37737, 37807, 37822, 37861, 37906, 37925, 38010, 38023, 38024, 38097, 38190, 38225, 38247, 38283, 38286, 38320, 38394, 38432, 38492, 38531, 38593, 38643, 38698, 38751, 38783, 38805, 38843, 38957, 38999, 39025, 39068, 39117, 39157, 39215, 39279, 39314, 39376, 39395, 39420, 39485, 39503, 39539, 39599, 39601, 39613, 39644, 39717, 39753, 39816, 39857, 39937, 39966, 40047, 40061, 40077, 40162, 40186, 40199, 40286, 40311, 40322, 40428, 40439, 40537, 40551, 40634, 40674, 40727, 40800, 40824, 40894, 40916, 41015, 41016, 41047, 41129, 41130, 41247, 41256, 41367, 41375, 41389, 41475, 41476, 41585, 41597, 41695, 41704, 41806, 41808, 41818, 41918, 41920, 42032, 42039, 42158, 42183, 42270, 42296, 42318, 42371, 42419, 42471, 42545, 42592, 42665, 42710, 42789, 42811, 42996, 43002, 43022, 43058, 43061, 43067, 43097, 43102, 43112, 43138, 43140, 43146, 43173, 43177, 43177, 43179, 43202, 43211, 43218, 43224, 43238, 43240, 43262, 43281, 43320, 43337, 43356, 43372, 43384, 43449, 43453, 43454, 43459, 43474, 43495, 43499, 43537, 43552, 43609, 43640, 43658, 43680, 43696, 43701, 43719, 43726, 43742, 43762, 43777, 43778, 43808, 43817, 43818, 43823, 43851, 43854, 43861, 43884, 43893, 43897, 43948, 43950, 43972, 43985, 43993, 44036, 44040, 44047, 44055, 44099, 44100, 44113, 44122, 44167, 44173, 44200, 44230, 44246, 44256, 44277, 44293, 44331, 44338, 44348, 44349, 44371, 44400, 44430, 44453, 44477, 44509, 44512, 44541, 44560, 44572, 44576, 44605, 44631, 44638, 44657, 44676, 44684, 44712, 44746, 44759, 44806, 44812, 44840, 44851, 44860, 44866, 44925, 44928, 44966, 44971, 44994, 45011, 45015, 45041, 45055, 45064, 45089, 45111, 45123, 45131, 45192, 45216, 45232, 45233, 45244, 45265, 45268, 45270, 45289, 45320, 45336, 45358, 45383, 45399, 45449, 45460, 45497, 45502, 45511, 45571, 45581, 45601, 45615, 45623, 45673, 45684, 45721, 45734, 45737, 45754, 45771, 45778, 45823, 45835, 45842, 45852, 45853, 45868, 45876, 45933, 45947, 45951, 45975, 46001, 46006, 46026, 46062, 46064, 46074, 46099, 46103, 46107, 46149, 46155, 46157, 46159, 46182, 46188, 46193, 46194, 46221, 46223, 46226, 46227, 46256, 46260, 46261, 46300, 46302, 46304, 46334, 46338, 46340, 46345, 46382, 46384, 46385, 46387, 46421, 46425, 46428, 46429, 46429, 46475, 46477, 46481, 46546, 46547, 46559, 46582, 46599, 46600, 46606, 46630, 46642, 46657, 46683, 46691, 46696, 46715, 46730, 46733, 46739, 46749, 46767, 46771, 46776, 46787, 46798, 46807, 46814, 46828, 46841, 46853, 46871, 46888, 46892, 46893, 46903, 46924, 46946, 46982, 46987, 47001, 47029, 47030, 47035, 47041, 47065, 47072, 47079, 47093, 47136, 47153, 47172, 47203, 47209, 47212, 47225, 47250, 47261, 47269, 47279, 47309, 47310, 47338, 47345, 47366, 47388, 47391, 47392, 47408, 47432, 47435, 47461, 47489, 47491, 47499, 47513, 47544, 47552, 47560, 47599, 47610, 47621, 47646, 47659, 47681, 47696, 47709, 47719, 47731, 47748, 47753, 47763, 47775, 47795, 47819, 47833, 47837, 47871, 47892, 47942, 47953, 47992, 48005, 48046, 48055, 48079, 48098, 48104, 48112, 48143, 48148, 48155, 48182, 48191, 48196, 48207, 48226, 48236, 48240, 48283, 48297, 48303, 48373, 48374, 48392, 48444, 48446, 48500, 48503, 48507, 48529, 48545, 48568, 48588, 48601, 48614, 48628, 48637, 48649, 48668, 48697, 48715, 48752, 48763, 48919, 48936, 48950, 48993, 49004, 49037, 49058, 49085, 49088, 49094, 49105, 49124, 49141, 49175, 49201, 49223, 49233, 49244, 49273, 49294, 49315, 49337, 49352, 49359, 49379, 49386, 49406, 49432, 49445, 49468, 49487, 49496, 49512, 49526, 49546, 49552, 49559, 49575, 49595, 49625, 49637, 49647, 49658, 49675, 49699, 49708, 49726, 49749, 49785, 49808, 49831, 49858, 49889, 49907, 49909, 49920, 49941, 49945, 49963, 49979, 49989, 49999, 50014, 50036, 50053, 50062, 50088, 50093, 50132, 50136, 50154, 50162, 50204, 50207, 50209, 50216, 50273, 50275, 50280, 50323, 50325, 50329, 50362, 50363, 50364, 50428, 50430, 50440, 50467, 50469, 50481, 50515, 50529, 50562, 50568, 50572, 50614, 50618, 50622, 50623, 50659, 50661, 50666, 50672, 50703, 50712, 50718, 50763, 50774, 50777, 50824, 50836, 50855, 50874, 50907, 50936, 50960, 50981, 50995, 50999, 51038, 51047, 51096, 51100, 51145, 51151, 51169, 51189, 51190, 51192, 51206, 51232, 51233, 51255, 51265, 51295, 51300, 51315, 51336, 51344, 51367, 51391, 51407, 51429, 51443, 51463, 51490, 51500, 51528, 51534, 51540, 51557, 51600, 51605, 51623, 51665, 51667, 51693, 51720, 51726, 51732, 51741, 51769, 51788, 51799, 51821, 51851, 51867, 51879, 51890, 51901, 51913, 51927, 51941, 51959, 51961, 51961, 51966, 51974, 52012, 52027, 52039, 52064, 52080, 52111, 52120, 52125, 52178, 52183, 52190, 52237, 52239, 52253, 52284, 52300, 52322, 52343, 52355, 52364, 52401, 52411, 52418, 52425, 52430, 52443, 52455, 52467, 52495, 52508, 52521, 52561, 52570, 52586, 52592, 52620, 52621, 52626, 52631, 52638, 52666, 52679, 52683, 52717, 52723, 52757, 52764, 52771, 52799, 52807, 52809, 52814, 52849, 52876, 52879, 52889, 52930, 52956, 52991, 52999, 53005, 53040, 53052, 53055, 53056, 53088, 53101, 53115, 53119, 53127, 53147, 53159, 53202, 53204, 53230, 53267, 53317, 53335, 53350, 53408, 53435, 53485, 53502, 53530, 53551, 53556, 53586, 53602, 53634, 53652, 53671, 53678, 53697, 53735, 53751, 53753, 53770, 53803, 53806, 53811, 53846, 53850, 53852, 53854, 53880, 53883, 53886, 53919, 53920, 53925, 53938, 53958, 53959, 53967, 53973, 53991, 54019, 54028, 54041, 54042, 54079, 54088, 54097, 54128, 54138, 54152, 54201, 54202, 54211, 54243, 54249, 54250, 54292, 54293, 54294, 54301, 54331, 54349, 54365, 54366, 54374, 54395, 54403, 54407, 54418, 54430, 54441, 54470, 54476, 54485, 54509, 54515, 54535, 54661, 54708, 54717, 54729, 54751, 54779, 54783, 54791, 54824, 54831, 54832, 54864, 54867, 54868, 54915, 54916, 54933, 54969, 54970, 55023, 55024, 55038, 55086, 55092, 55099, 55137, 55146, 55177, 55178, 55185, 55228, 55235, 55242, 55244, 55273, 55284, 55293, 55313, 55336, 55352, 55373, 55374, 55394, 55432, 55436, 55436, 55457, 55481, 55484, 55500, 55533, 55541, 55541, 55543, 55581, 55583, 55584, 55611, 55614, 55615, 55646, 55649, 55650, 55661, 55672, 55690, 55696, 55702, 55731, 55751, 55759, 55770, 55806, 55812, 55825, 55851, 55856, 55873, 55916, 55931, 55948, 55979, 55996, 56012, 56014, 56018, 56031, 56062, 56064, 56068, 56083, 56110, 56120, 56125, 56138, 56150, 56165, 56168, 56196, 56207, 56208, 56231, 56235, 56247, 56249, 56265, 56267, 56283, 56287, 56287, 56302, 56304, 56331, 56356, 56360, 56369, 56394, 56411, 56412, 56422, 56433, 56436, 56442, 56443, 56459, 56482, 56498, 56513, 56524, 56547, 56569, 56571, 56576, 56587, 56603, 56610, 56629, 56652, 56653, 56656, 56663, 56688, 56696, 56702, 56727, 56728, 56745, 56761, 56767, 56768, 56782, 56792, 56797, 56802, 56822, 56832, 56847, 56864, 56879, 56900, 56914, 56919, 56922, 56930, 56953, 56957, 56960, 56986, 56998, 57007, 57019, 57030, 57036, 57046, 57062, 57072, 57082, 57104, 57109, 57114, 57120, 57122, 57160, 57167, 57180, 57186, 57217, 57224, 57225, 57230, 57246, 57262, 57265, 57267, 57271, 57271, 57303, 57306, 57310, 57342, 57343, 57358, 57379, 57380, 57400, 57407, 57427, 57435, 57453, 57470, 57483, 57492, 57514, 57529, 57543, 57549, 57565, 57589, 57608, 57623, 57648, 57656, 57663, 57689, 57691, 57698, 57730, 57731, 57732, 57737, 57762, 57764, 57771, 57774, 57795, 57816, 57817, 57847, 57886, 57891, 57914, 57939, 57941, 57947, 57952, 57981, 57984, 58002, 58052, 58053, 58058, 58083, 58090, 58096, 58099, 58120, 58128, 58133, 58174, 58183, 58192, 58215, 58217, 58218, 58228, 58247, 58253, 58259, 58283, 58286, 58294, 58319, 58322, 58330, 58353, 58356, 58367, 58395, 58397, 58400, 58408, 58447, 58452, 58465, 58474, 58493, 58508, 58534, 58554, 58561, 58570, 58591, 58595, 58610, 58633, 58639, 58647, 58658, 58695, 58697, 58706, 58737, 58738, 58741, 58777, 58782, 58784, 58827, 58828, 58831, 58856, 58857, 58859, 58863, 58898, 58899, 58904, 58910, 58946, 58948, 58951, 58983, 58987, 58991, 58992, 59030, 59040, 59055, 59059, 59080, 59085, 59092, 59099, 59118, 59125, 59128, 59137, 59151, 59169, 59174, 59184, 59208, 59227, 59232, 59268, 59270, 59273, 59303, 59305, 59312, 59341, 59346, 59349, 59353, 59379, 59395, 59400, 59417, 59436, 59460, 59485, 59488, 59503, 59529, 59531, 59549, 59570, 59577, 59579, 59588, 59604, 59619, 59773, 59778, 59780, 59809, 59810, 59813, 59814, 59838, 59839, 59843, 59851, 59880, 59886, 59892, 59920, 59924, 59929, 59947, 59949, 59953, 59964, 59990, 59999, 60027, 60051, 60052, 60067, 60079, 60102, 60105, 60113, 60126, 60131, 60155, 60178, 60180, 60221, 60223, 60224, 60252, 60253, 60254, 60257, 60306, 60309, 60319, 60363, 60373, 60375, 60405, 60414, 60416, 60430, 60465, 60483, 60516, 60529, 60540, 60556, 60567, 60577, 60583, 60599, 60626, 60639, 60650, 60677, 60688, 60701, 60708, 60736, 60739, 60740, 60788, 60803, 60803, 60809, 60838, 60847, 60853, 60886, 60895, 60901, 60928, 60940, 60941, 60946, 60965, 60979, 60985, 61015, 61029, 61035, 61054, 61067, 61070, 61083, 61104, 61107, 61132, 61139, 61149, 61164, 61173, 61181, 61191, 61199, 61212, 61225, 61245, 61246, 61288, 61293, 61295, 61345, 61347, 61351, 61377, 61382, 61399, 61410, 61428, 61431, 61444, 61459, 61468, 61477, 61499, 61514, 61519, 61528, 61541, 61565, 61574, 61582, 61586, 61600, 61600, 61605, 61612, 61615, 61637, 61647, 61654, 61685, 61693, 61697, 61704, 61737, 61738, 61742, 61776, 61779, 61782, 61812, 61820, 61829, 61874, 61879, 61888, 61891, 61922, 61936, 61948, 61968, 61975, 61985, 61992, 62042, 62055, 62060, 62073, 62086, 62125, 62129, 62146, 62185, 62213, 62256, 62260, 62273, 62353, 62363, 62375, 62446, 62450, 62466, 62528, 62533, 62548, 62609, 62618, 62640, 62671, 62679, 62691, 62699, 62709, 62753, 62766, 62772, 62792, 62823, 62836, 62849, 62864, 62907, 62921, 62935, 62971, 62996, 63000, 63052, 63071, 63073, 63114, 63137, 63139]
False Negative Messages (160): [4989, 5202, 5536, 6026, 6118, 6272, 6293, 6475, 6497, 6602, 6681, 6777, 6959, 7012, 7335, 7447, 7476, 7533, 7607, 7698, 7727, 7766, 7771, 7831, 7872, 7886, 7915, 7969, 8039, 8084, 8117, 8166, 8188, 8207, 8254, 8294, 8321, 8332, 8360, 8374, 8384, 8416, 8444, 8733, 8911, 9003, 9034, 9065, 9069, 9073, 9104, 9147, 9267, 9269, 9270, 9284, 9290, 9309, 9310, 9313, 9316, 9362, 9363, 9365, 9380, 9392, 9406, 9436, 9441, 9472, 9496, 9500, 9747, 9762, 9771, 9773, 9814, 9956, 10975, 11005, 11038, 11065, 11177, 11759, 11759, 11776, 11776, 12835, 12845, 12855, 12859, 12945, 12982, 13002, 13006, 13033, 13093, 13283, 13308, 13346, 13390, 13412, 13413, 13430, 13451, 13558, 13581, 13653, 13687, 13733, 13957, 13973, 14006, 14020, 14032, 14068, 14072, 14120, 14144, 14157, 14169, 14175, 14186, 14204, 14227, 14262, 14302, 14328, 14341, 14351, 14372, 14395, 14436, 14457, 14486, 14514, 14549, 14574, 14625, 14821, 14841, 14848, 14864, 14885, 15010, 15024, 15624, 15624, 15635, 15635, 17302, 17302, 17553, 17586, 17613, 17778, 17809, 17880, 17913, 17954]

===== RTCP =====
Packet Precision: 0.66
Packet Recall: 1.00
False Positive Packets (326): [3420, 3674, 4687, 4769, 5176, 6684, 7312, 9340, 9828, 9971, 10506, 11620, 11718, 12192, 12657, 12851, 13067, 13135, 13883, 13932, 14665, 15097, 15126, 15243, 15429, 15556, 16711, 17168, 17517, 18580, 19521, 21849, 22215, 22394, 22750, 23039, 23573, 23608, 24935, 25340, 26031, 26032, 26035, 26036, 26039, 26042, 26045, 26048, 26049, 26052, 26053, 26054, 26060, 26062, 26063, 26069, 26070, 26076, 26077, 26082, 26083, 26086, 26087, 26090, 26092, 26095, 26097, 26100, 26102, 26104, 26105, 26108, 26112, 26116, 26117, 26119, 26123, 26124, 26127, 26128, 26129, 26131, 26136, 26137, 26139, 26141, 26143, 26144, 26146, 26147, 26189, 26193, 26196, 26202, 26205, 26215, 26218, 26223, 26224, 26229, 26230, 26233, 26234, 26250, 26267, 26268, 26270, 26273, 26277, 26282, 26283, 26285, 26286, 26291, 26295, 26301, 26306, 26308, 26313, 26317, 26318, 26319, 26325, 26329, 26333, 26334, 26337, 26340, 26341, 26343, 26344, 26349, 26350, 26352, 26353, 26358, 26359, 26366, 26367, 26371, 26372, 26377, 26378, 26379, 26384, 26385, 26390, 26392, 26395, 26396, 26399, 26400, 26406, 26408, 26412, 26418, 26419, 26421, 26423, 26425, 26426, 26428, 26431, 26434, 26435, 26438, 26440, 26445, 26446, 26447, 26450, 26451, 26456, 26457, 26460, 26461, 26464, 26465, 26474, 26475, 26483, 26484, 26487, 26490, 26492, 26494, 26498, 26499, 26500, 26512, 26515, 26518, 26520, 26527, 26528, 26532, 26533, 26536, 26539, 26542, 26546, 26547, 26548, 26551, 26554, 26557, 26561, 26562, 26565, 26566, 26570, 26571, 26575, 26576, 26579, 26580, 26583, 26584, 26586, 26587, 26589, 26591, 26592, 26597, 26601, 26604, 26605, 26608, 26612, 26616, 26617, 26623, 26628, 26637, 26638, 26644, 26645, 26655, 26659, 26660, 26665, 26677, 26681, 26688, 26689, 26692, 26704, 26710, 26711, 26730, 26736, 26737, 26738, 26739, 26759, 26763, 26788, 26789, 26792, 26793, 26796, 26804, 26829, 26830, 26832, 26857, 26878, 26879, 26884, 26885, 26914, 26936, 26937, 26943, 26963, 26982, 26986, 26987, 26990, 27015, 27026, 27027, 27029, 27043, 27083, 27084, 27094, 27110, 27111, 27121, 27132, 27133, 27155, 27187, 27188, 27195, 27218, 27220, 27227, 27247, 27248, 27285, 27296, 27303, 27308, 29871, 35776, 38127, 38898, 44302, 45181, 46638, 46934, 53283, 55134, 55908, 55966, 56322, 59309, 59443, 60474, 60802, 61240, 61398, 61843, 62191]
False Negative Packets (0): []
Message Precision: 0.75
Message Recall: 1.00
False Positive Messages (382): [3420, 3420, 3674, 3674, 4687, 4687, 4769, 5176, 5176, 6684, 6684, 7312, 7312, 9340, 9340, 9828, 9828, 9971, 10506, 10506, 11620, 11718, 11718, 12192, 12192, 12657, 12657, 12851, 12851, 13067, 13067, 13135, 13883, 13883, 13932, 13932, 14665, 14665, 15097, 15097, 15126, 15126, 15243, 15243, 15429, 15429, 15556, 15556, 16711, 16711, 17168, 17168, 17517, 17517, 18580, 18580, 19521, 19521, 21849, 21849, 22215, 22394, 22394, 22750, 22750, 23039, 23039, 23573, 23573, 23608, 23608, 24935, 24935, 25340, 25340, 26031, 26032, 26035, 26036, 26039, 26042, 26045, 26048, 26049, 26052, 26053, 26054, 26054, 26060, 26062, 26063, 26069, 26070, 26076, 26077, 26082, 26083, 26086, 26087, 26090, 26092, 26095, 26097, 26100, 26102, 26104, 26105, 26108, 26112, 26116, 26117, 26119, 26123, 26124, 26127, 26128, 26129, 26131, 26136, 26137, 26139, 26141, 26143, 26144, 26146, 26147, 26189, 26193, 26196, 26202, 26205, 26215, 26218, 26223, 26224, 26229, 26230, 26233, 26234, 26250, 26267, 26268, 26270, 26273, 26277, 26282, 26283, 26285, 26286, 26291, 26295, 26301, 26306, 26308, 26313, 26317, 26318, 26319, 26325, 26329, 26333, 26334, 26337, 26340, 26341, 26343, 26344, 26349, 26350, 26352, 26353, 26358, 26359, 26366, 26367, 26371, 26372, 26377, 26378, 26379, 26384, 26385, 26390, 26392, 26395, 26396, 26399, 26400, 26406, 26408, 26412, 26418, 26419, 26421, 26423, 26425, 26426, 26428, 26431, 26434, 26435, 26438, 26440, 26445, 26446, 26447, 26450, 26451, 26456, 26457, 26460, 26461, 26464, 26465, 26474, 26475, 26483, 26484, 26487, 26490, 26492, 26494, 26498, 26499, 26500, 26512, 26515, 26518, 26520, 26527, 26528, 26532, 26533, 26536, 26539, 26542, 26546, 26547, 26548, 26551, 26554, 26557, 26561, 26562, 26565, 26566, 26570, 26571, 26575, 26576, 26579, 26580, 26583, 26584, 26586, 26587, 26589, 26591, 26592, 26597, 26601, 26604, 26605, 26608, 26612, 26616, 26617, 26623, 26628, 26637, 26638, 26644, 26645, 26655, 26659, 26660, 26665, 26677, 26681, 26688, 26689, 26692, 26704, 26710, 26711, 26730, 26736, 26737, 26738, 26739, 26759, 26763, 26788, 26789, 26792, 26793, 26796, 26804, 26829, 26830, 26832, 26857, 26878, 26879, 26884, 26885, 26914, 26936, 26937, 26943, 26963, 26982, 26986, 26987, 26990, 27015, 27026, 27027, 27029, 27043, 27083, 27084, 27094, 27110, 27111, 27121, 27132, 27133, 27155, 27187, 27188, 27195, 27218, 27220, 27227, 27247, 27248, 27285, 27296, 27303, 27308, 29871, 29871, 35776, 35776, 38127, 38127, 38898, 38898, 44302, 45181, 45181, 46638, 46638, 46934, 46934, 53283, 53283, 55134, 55134, 55908, 55908, 55966, 55966, 56322, 56322, 59309, 59309, 59443, 59443, 60474, 60474, 60802, 60802, 61240, 61240, 61398, 61398, 61843, 61843, 62191, 62191]
False Negative Messages (0): []

